"Time";"LineID";"DirectionID";"DistanceFromPoint";"PointID "
1632121133202;1;8161;0;03:15:42
1632121133202;1;8731;0;03:15:41
1632121133202;1;8161;0;03:14:32
1632121133202;1;8161;1;03:18:02
1632121133202;1;8731;0;03:13:51
1632121133202;1;8162;0;03:15:12
1632121133202;1;8161;0;03:25:31
1632121133202;1;8731;0;03:16:02
1632121133202;1;8731;0;03:15:11
1632121133202;1;8731;1;03:14:31
1632121133202;1;8731;0;03:17:51
1632121133202;1;8162;0;03:25:33
1632121133202;1;8162;1;03:13:52
1632121133202;2;8472;0;03:21:02
1632121133202;2;8833;0;03:21:12
1632121133202;2;8472;1;03:18:42
1632121133202;2;8763;1;03:25:43
1632121133202;2;8763;0;03:19:01
1632121133202;2;8763;1;03:20:11
1632121133202;2;8763;1;03:21:01
1632121133202;2;8472;0;03:25:54
1632121133202;3;5776;391;01:36:40
1632121133202;3;9959;0;02:35:01
1632121133202;3;5776;208;02:36:11
1632121133202;3;9959;45;02:35:00
1632121133202;3;5776;56;01:10:16
1632121133202;3;5776;34;02:26:59
1632121133202;3;5776;0;01:12:02
1632121133202;3;9959;126;01:10:11
1632121133202;3;9959;0;02:35:01
1632121133202;3;9959;40;02:47:02
1632121133202;3;9959;114;02:35:06
1632121133202;3;9959;40;01:08:51
1632121133202;3;9959;440;01:11:44
1632121133202;3;5776;327;01:12:06
1632121133202;3;5776;178;02:36:46
1632121133202;3;5776;7;02:42:57
1632121133202;3;9959;67;01:11:42
1632121133202;4;526;343;01:12:04
1632121133202;4;6424;0;02:15:01
1632121133202;4;4502;0;02:47:03
1632121133202;4;526;209;02:47:04
1632121133202;4;4502;375;02:44:13
1632121133202;4;526;12;01:08:26
1632121133202;4;526;0;02:15:01
1632121133202;4;4502;56;02:39:13
1632121133202;4;526;78;01:10:26
1632121133202;4;4502;524;01:08:31
1632121133202;4;4502;106;01:10:21
1632121133202;4;526;0;01:08:46
1632121133202;4;526;510;02:38:37
1632121133202;4;6424;46;02:24:18
1632121133202;4;526;0;02:15:01
1632121133202;5;8262;0;03:24:02
1632121133202;5;8262;0;03:25:12
1632121133202;5;8641;0;03:17:41
1632121133202;5;8641;0;03:13:31
1632121133202;5;8262;0;03:16:52
1632121133202;5;8642;1;03:18:11
1632121133202;5;8642;0;03:17:42
1632121133202;5;8642;0;03:24:31
1632121133202;5;8262;1;03:13:32
1632121133202;5;8642;0;03:14:11
1632121133202;5;8262;1;03:17:22
1632121133202;5;8641;1;03:25:21
1632121133202;5;8262;1;03:25:42
1632121133202;5;8161;0;03:24:01
1632121133202;5;8262;0;03:14:12
1632121133202;5;8641;0;03:16:41
1632121133202;5;8642;1;03:17:31
1632121133202;5;8262;1;03:24:32
1632121133202;6;8834;0;03:20:21
1632121133202;6;8834;1;03:26:33
1632121133202;6;8834;0;03:21:12
1632121133202;6;8472;0;03:20:32
1632121133202;6;8834;1;03:19:31
1632121133202;6;8472;0;03:19:42
1632121133202;6;8472;0;03:26:04
1632121133202;6;8834;0;03:26:13
1632121133202;6;8472;0;03:26:34
1632121133202;6;8472;0;03:18:52
1632121133202;6;8834;0;03:18:41
1632121133202;6;8472;0;03:27:14
1632121133202;7;9051;36;02:27:33
1632121133202;7;6421;0;03:46:09
1632121133202;7;9969;0;01:15:01
1632121133202;7;9969;0;03:30:56
1632121133202;7;9051;38;02:29:16
1632121133202;7;9969;44;02:28:32
1632121133202;7;9969;759;03:30:56
1632121133202;7;9969;77;02:28:28
1632121133202;7;9969;733;01:43:56
1632121133202;7;9051;0;03:30:51
1632121133202;7;9051;386;02:47:36
1632121133202;7;9969;38;01:58:01
1632121133202;7;9051;817;02:36:10
1632121133202;7;5307;0;02:35:01
1632121133202;7;9051;49;02:27:38
1632121133202;7;9969;384;02:26:50
1632121133202;7;5307;627;02:35:58
1632121133202;7;9969;0;02:28:25
1632121133202;7;9963;43;02:47:01
1632121133202;7;9051;251;02:29:12
1632121133202;7;9969;0;03:30:56
1632121133202;7;2351;203;01:17:28
1632121133202;7;9969;294;02:35:58
1632121133202;8;5229;0;01:34:46
1632121133202;8;6361;0;02:27:06
1632121133202;8;5229;90;02:27:05
1632121133202;8;6361;0;02:46:01
1632121133202;8;6361;38;01:33:34
1632121133202;8;5229;40;02:30:08
1632121133202;8;6361;0;02:27:10
1632121133202;8;5229;658;02:27:51
1632121133202;8;5229;38;02:30:05
1632121133202;8;5229;197;02:30:09
1632121133202;8;6361;48;02:30:54
1632121133202;8;5229;46;02:30:19
1632121133202;8;6361;0;02:27:10
1632121133202;8;5229;80;02:30:16
1632121133202;8;6361;56;02:28:01
1632121133202;8;6361;339;02:26:48
1632121133202;8;6361;412;02:31:00
1632121133202;8;6361;0;01:58:01
1632121133202;8;5229;137;02:45:14
1632121133202;8;6361;397;02:31:07
1632121133202;9;1687;0;01:28:01
1632121133202;9;473;418;01:28:00
1632121133202;9;1687;45;01:07:50
1632121133202;12;1780;0;03:40:00
1632121133202;12;1780;1279;01:44:55
1632121133202;12;9600;1045;01:18:51
1632121133202;12;1780;0;03:40:00
1632121133202;12;9600;0;02:15:56
1632121133202;12;9600;0;01:29:40
1632121133202;12;9600;174;01:29:40
1632121133202;12;1780;1526;01:37:30
1632121133202;12;1780;593;01:21:10
1632121133202;12;1780;4409;03:40:00
1632121133202;12;9600;64;01:50:18
1632121133202;13;4111;145;01:18:35
1632121133202;13;4111;358;01:22:14
1632121133202;13;1727;264;01:19:40
1632121133202;13;1727;0;02:08:31
1632121133202;13;4111;55;01:41:59
1632121133202;13;4111;1250;02:58:42
1632121133202;13;4111;0;01:28:52
1632121133202;13;1727;0;01:28:47
1632121133202;13;1727;290;01:28:30
1632121133202;14;4265;52;02:59:06
1632121133202;14;4265;227;01:22:30
1632121133202;14;1083;218;01:50:51
1632121133202;14;1083;0;01:18:03
1632121133202;14;1083;0;02:11:04
1632121133202;14;4265;100;01:24:27
1632121133202;14;1083;57;02:53:20
1632121133202;14;1083;478;02:10:23
1632121133202;14;4265;141;02:11:01
1632121133202;14;1083;159;01:50:52
1632121133202;17;4297;152;02:11:36
1632121133202;17;9059;57;02:12:29
1632121133202;17;9059;132;02:11:37
1632121133202;17;4297;147;02:12:21
1632121133202;19;5086;154;02:54:29
1632121133202;19;5170;11;01:07:52
1632121133202;19;5086;291;02:25:03
1632121133202;19;5170;0;01:16:54
1632121133202;19;5170;0;02:23:21
1632121133202;19;5086;230;02:25:05
1632121133202;19;5086;0;02:54:25
1632121133202;19;5170;50;02:26:06
1632121133202;19;5170;42;02:26:14
1632121133202;19;5086;121;02:25:09
1632121133202;19;5170;0;02:26:10
1632121133202;19;5086;84;02:54:29
1632121133202;19;5086;0;02:25:03
1632121133202;19;5010;0;02:23:21
1632121133202;19;5170;320;01:47:49
1632121133202;19;5170;235;02:23:23
1632121133202;19;5170;0;01:20:36
1632121133202;19;5086;285;01:43:56
1632121133202;19;5170;0;02:23:21
1632121133202;19;5170;80;02:23:21
1632121133202;19;5086;38;01:17:44
1632121133202;19;5086;117;02:24:42
1632121133202;20;1194;0;01:22:30
1632121133202;20;1900;130;01:16:56
1632121133202;20;1194;247;01:31:40
1632121133202;20;1900;0;01:19:02
1632121133202;20;1194;0;01:31:40
1632121133202;20;1900;0;01:19:02
1632121133202;20;1194;34;01:19:57
1632121133202;20;1900;384;01:18:39
1632121133202;20;1900;236;01:22:31
1632121133202;20;1194;245;02:07:46
1632121133202;20;1900;433;01:18:17
1632121133202;21;1162;417;01:24:36
1632121133202;21;1162;0;01:53:34
1632121133202;21;1162;0;01:53:21
1632121133202;21;1162;277;01:24:23
1632121133202;21;1162;0;02:15:05
1632121133202;21;1162;43;01:21:10
1632121133202;21;3201;34;01:18:52
1632121133202;21;3201;1;01:57:30
1632121133202;21;3201;225;01:34:43
1632121133202;25;2794;170;01:45:20
1632121133202;25;6487;376;01:15:01
1632121133202;25;2793;307;02:44:18
1632121133202;25;2794;0;01:08:59
1632121133202;25;6487;0;02:30:15
1632121133202;25;6487;42;01:37:22
1632121133202;25;539;253;02:44:20
1632121133202;25;2793;99;02:27:45
1632121133202;25;2793;0;02:31:08
1632121133202;25;2793;52;01:55:08
1632121133202;25;2793;434;02:27:44
1632121133202;25;6487;458;02:26:45
1632121133202;25;2794;0;01:08:59
1632121133202;25;2794;0;01:08:59
1632121133202;25;539;0;01:46:34
1632121133202;25;2793;0;01:13:46
1632121133202;27;2429;0;01:19:00
1632121133202;27;2429;50;01:19:01
1632121133202;27;1162;502;01:24:36
1632121133202;27;1139;381;01:18:55
1632121133202;27;2429;10;02:04:59
1632121133202;27;1162;40;01:19:16
1632121133202;27;1162;0;01:40:29
1632121133202;27;1162;101;01:24:36
1632121133202;27;1162;40;01:40:31
1632121133202;27;2500;0;01:40:29
1632121133202;27;1139;111;01:53:31
1632121133202;27;2429;227;01:18:33
1632121133202;27;1139;42;01:18:46
1632121133202;27;2429;22;01:21:02
1632121133202;28;2919;38;01:19:13
1632121133202;28;2289;0;01:30:30
1632121133202;28;2919;42;02:40:56
1632121133202;28;2289;153;01:24:18
1632121133202;28;2919;38;01:19:12
1632121133202;28;2919;0;01:30:30
1632121133202;28;1830;34;01:23:42
1632121133202;28;1830;34;01:23:43
1632121133202;28;2289;413;01:19:14
1632121133202;28;1830;42;01:23:26
1632121133202;29;1528;0;01:25:14
1632121133202;29;1528;311;01:25:40
1632121133202;29;2594;133;01:26:03
1632121133202;29;1528;38;01:25:29
1632121133202;29;9998;73;01:53:39
1632121133202;29;1528;0;01:43:14
1632121133202;29;2594;0;01:26:10
1632121133202;29;9998;0;01:25:28
1632121133202;29;9998;0;01:25:28
1632121133202;29;2594;0;01:25:28
1632121133202;29;9998;27;01:26:11
1632121133202;29;9998;237;01:26:00
1632121133202;29;2594;0;01:25:28
1632121133202;29;1528;0;01:25:08
1632121133202;29;2594;40;01:23:05
1632121133202;33;3221;0;01:36:17
1632121133202;33;3221;0;01:53:41
1632121133202;34;4952;0;01:29:20
1632121133202;34;2728;38;01:28:40
1632121133202;34;4952;190;01:29:22
1632121133202;34;4952;0;01:45:28
1632121133202;34;9978;7;01:20:33
1632121133202;34;9978;50;01:34:18
1632121133202;34;4952;0;01:45:53
1632121133202;34;4952;0;01:29:24
1632121133202;34;9978;36;01:28:35
1632121133202;34;4952;153;01:29:29
1632121133202;34;4952;38;01:29:36
1632121133202;34;4952;182;01:29:29
1632121133202;36;1830;0;01:19:08
1632121133202;36;1148;0;01:30:30
1632121133202;36;1148;0;02:27:53
1632121133202;36;1148;0;01:30:30
1632121133202;36;1830;38;01:30:19
1632121133202;36;1830;172;01:30:14
1632121133202;36;1148;89;01:31:01
1632121133202;36;1830;342;01:30:05
1632121133202;36;1830;50;01:30:35
1632121133202;37;2934;50;01:35:03
1632121133202;37;2934;364;01:27:13
1632121133202;37;1954;0;02:20:53
1632121133202;37;1954;108;01:35:57
1632121133202;37;1954;321;01:32:33
1632121133202;37;2934;25;01:27:33
1632121133202;37;2934;0;01:48:54
1632121133202;37;1954;69;01:49:17
1632121133202;38;4076;0;01:55:23
1632121133202;38;4076;247;01:31:46
1632121133202;38;3323;197;01:33:06
1632121133202;38;3323;0;02:07:56
1632121133202;38;3323;0;02:07:56
1632121133202;38;3323;111;01:32:57
1632121133202;38;3323;370;02:27:35
1632121133202;38;4076;0;01:31:52
1632121133202;38;4076;40;01:32:22
1632121133202;38;4076;34;01:55:23
1632121133202;38;4076;0;01:55:23
1632121133202;38;4076;74;01:31:55
1632121133202;38;3323;364;01:18:44
1632121133202;38;3323;34;01:32:48
1632121133202;38;3323;117;01:29:36
1632121133202;38;3323;236;01:32:50
1632121133202;38;4076;652;01:58:23
1632121133202;39;5520;352;02:31:43
1632121133202;39;89;384;02:32:02
1632121133202;39;89;315;02:47:55
1632121133202;39;89;0;02:32:08
1632121133202;39;5520;94;02:31:47
1632121133202;39;89;284;02:32:39
1632121133202;39;89;123;02:32:42
1632121133202;39;5520;0;01:01:29
1632121133202;39;89;605;02:32:34
1632121133202;39;5520;624;02:31:50
1632121133202;41;1725;220;01:45:18
1632121133202;41;1725;3;01:32:50
1632121133202;41;4076;158;01:32:22
1632121133202;41;4076;0;01:28:45
1632121133202;41;4076;40;01:29:14
1632121133202;41;1725;0;02:47:20
1632121133202;41;4076;38;02:30:51
1632121133202;41;4076;68;01:32:01
1632121133202;41;1725;36;02:30:16
1632121133202;42;1385;175;03:44:13
1632121133202;42;2015;0;01:23:03
1632121133202;42;1385;0;01:33:35
1632121133202;42;2015;60;01:34:47
1632121133202;43;2109;233;01:32:18
1632121133202;43;2109;218;01:32:09
1632121133202;43;4854;0;01:35:09
1632121133202;43;4854;132;01:35:57
1632121133202;43;4854;134;01:36:06
1632121133202;43;2109;0;02:20:54
1632121133202;43;2109;67;02:20:54
1632121133202;43;2109;0;01:35:19
1632121133202;43;4854;442;01:35:45
1632121133202;44;89;48;02:32:36
1632121133202;44;9556;206;02:31:41
1632121133202;44;89;65;02:34:15
1632121133202;44;9556;1051;03:39:11
1632121133202;44;9556;84;02:31:48
1632121133202;44;9556;221;03:39:12
1632121133202;44;9556;146;02:28:01
1632121133202;44;9556;0;03:39:16
1632121133202;45;1385;36;01:48:29
1632121133202;45;9292;0;01:23:04
1632121133202;45;9292;4;01:25:31
1632121133202;45;9292;34;01:56:44
1632121133202;45;3420;0;01:23:04
1632121133202;45;1385;135;01:57:05
1632121133202;45;1385;0;03:34:52
1632121133202;45;1385;397;01:57:41
1632121133202;45;9292;185;01:55:06
1632121133202;45;1385;0;01:25:50
1632121133202;45;3420;778;01:25:33
1632121133202;46;1201;120;03:30:25
1632121133202;46;2587;34;02:02:31
1632121133202;46;1201;3;01:39:35
1632121133202;46;9979;989;01:37:40
1632121133202;46;9979;352;01:37:36
1632121133202;46;2587;237;01:37:39
1632121133202;46;1896;347;01:38:39
1632121133202;46;1896;173;02:54:18
1632121133202;46;1201;40;01:40:03
1632121133202;46;1201;40;01:41:16
1632121133202;46;1201;0;01:31:36
1632121133202;46;1201;197;01:36:58
1632121133202;46;1896;89;01:20:01
1632121133202;47;7075;106;03:40:32
1632121133202;47;9784;162;01:38:19
1632121133202;47;2299;0;01:50:01
1632121133202;47;9784;1;01:38:37
1632121133202;47;2299;218;01:39:20
1632121133202;47;2299;50;01:32:54
1632121133202;47;2299;224;01:32:54
1632121133202;47;9784;353;03:40:27
1632121133202;47;2299;0;03:43:06
1632121133202;48;2733;68;01:41:07
1632121133202;48;2306;2;01:40:10
1632121133202;48;7011;42;01:43:54
1632121133202;48;2733;566;01:44:31
1632121133202;48;2733;103;02:37:39
1632121133202;48;7011;46;01:46:15
1632121133202;48;7011;242;02:37:39
1632121133202;48;2306;152;01:19:29
1632121133202;48;2733;38;01:29:41
1632121133202;48;2306;163;01:49:17
1632121133202;48;2306;163;01:40:07
1632121133202;48;2733;252;01:40:57
1632121133202;48;7011;108;02:56:49
1632121133202;48;7011;0;02:37:39
1632121133202;48;2733;0;01:38:26
1632121133202;48;2306;71;01:49:17
1632121133202;48;2306;226;01:40:07
1632121133202;48;2306;275;01:40:07
1632121133202;49;1288;0;01:42:26
1632121133202;49;1288;0;01:42:11
1632121133202;49;2514;42;01:41:53
1632121133202;49;2500;38;02:48:04
1632121133202;49;1288;249;01:18:17
1632121133202;49;1288;38;01:42:42
1632121133202;49;2500;38;01:42:16
1632121133202;49;2500;269;02:48:04
1632121133202;49;2500;484;01:42:14
1632121133202;49;1288;126;01:42:31
1632121133202;49;1288;0;01:21:26
1632121133202;49;1288;171;01:20:57
1632121133202;49;2500;49;01:44:30
1632121133202;49;2514;0;01:21:28
1632121133202;49;1288;0;01:42:40
1632121133202;49;3681;38;01:42:31
1632121133202;49;2500;264;01:19:57
1632121133202;49;2500;202;01:44:32
1632121133202;50;9658;228;01:16:55
1632121133202;50;2500;179;03:41:23
1632121133202;50;2500;0;03:40:58
1632121133202;50;9658;0;01:42:11
1632121133202;50;2500;117;01:44:30
1632121133202;50;2500;0;02:35:57
1632121133202;51;1110;44;01:47:31
1632121133202;51;1289;568;01:12:06
1632121133202;51;1110;228;02:37:05
1632121133202;51;1110;126;02:23:46
1632121133202;51;1110;1;02:23:35
1632121133202;51;1289;368;01:33:05
1632121133202;51;1110;255;02:47:03
1632121133202;51;1289;219;02:50:49
1632121133202;51;1289;104;02:24:49
1632121133202;51;1289;0;01:21:29
1632121133202;51;1110;275;02:50:50
1632121133202;51;1289;339;02:24:37
1632121133202;51;1984;0;01:21:30
1632121133202;51;1110;44;02:37:03
1632121133202;53;3001;97;01:29:27
1632121133202;53;3001;234;01:42:56
1632121133202;53;1483;34;01:47:40
1632121133202;53;1483;98;01:41:48
1632121133202;53;1483;376;01:47:32
1632121133202;53;1483;215;01:36:10
1632121133202;53;1483;812;01:47:37
1632121133202;53;3001;0;01:39:25
1632121133202;53;3001;34;01:46:51
1632121133202;53;3001;0;01:38:32
1632121133202;53;1483;0;01:50:01
1632121133202;53;3001;0;01:42:48
1632121133202;53;3001;156;01:46:56
1632121133202;53;1483;92;01:41:54
1632121133202;53;1483;58;01:29:35
1632121133202;53;1483;34;01:21:00
1632121133202;54;1780;0;01:49:17
1632121133202;54;1072;331;01:48:55
1632121133202;54;1085;289;01:49:10
1632121133202;54;1072;0;01:29:40
1632121133202;54;1780;40;01:49:25
1632121133202;54;1780;153;01:49:11
1632121133202;54;1780;61;01:49:31
1632121133202;54;1780;16;01:17:52
1632121133202;54;1072;0;01:58:38
1632121133202;54;1085;14;01:48:59
1632121133202;54;1085;0;01:29:40
1632121133202;54;1780;0;01:17:52
1632121133202;54;1780;138;01:49:24
1632121133202;54;1072;44;01:18:05
1632121133202;54;1780;0;01:49:14
1632121133202;55;9943;0;02:36:06
1632121133202;55;529;0;01:08:41
1632121133202;55;9943;178;02:29:22
1632121133202;55;9943;353;02:36:02
1632121133202;55;529;13;02:36:45
1632121133202;55;9943;226;02:36:06
1632121133202;55;529;23;02:36:45
1632121133202;55;9943;84;01:48:21
1632121133202;55;9943;59;02:36:06
1632121133202;55;5710;151;02:36:45
1632121133202;55;9943;67;01:48:21
1632121133202;56;2378;197;01:24:34
1632121133202;56;1474;0;01:39:39
1632121133202;56;1474;135;01:56:54
1632121133202;56;2378;438;01:35:06
1632121133202;56;1474;85;01:34:56
1632121133202;56;2378;44;01:39:27
1632121133202;56;1474;0;02:43:11
1632121133202;56;2378;393;01:35:06
1632121133202;56;2378;58;01:39:25
1632121133202;56;1474;191;01:30:39
1632121133202;57;1083;152;02:57:55
1632121133202;57;3001;48;01:22:36
1632121133202;57;3001;56;01:38:37
1632121133202;57;3001;111;01:47:48
1632121133202;57;3001;161;01:51:03
1632121133202;57;1083;276;01:39:30
1632121133202;57;1083;421;01:50:08
1632121133202;57;1083;185;01:22:29
1632121133202;58;9751;142;02:36:00
1632121133202;58;2831;42;03:42:33
1632121133202;58;9751;0;01:47:11
1632121133202;58;2831;109;01:34:49
1632121133202;58;2831;131;02:38:31
1632121133202;58;2831;0;03:42:31
1632121133202;58;9751;396;03:42:58
1632121133202;58;9751;105;01:37:51
1632121133202;59;3125;417;01:52:01
1632121133202;59;3125;34;01:52:01
1632121133202;59;3130;61;02:42:38
1632121133202;59;3125;88;01:48:42
1632121133202;59;3130;471;02:28:19
1632121133202;59;3125;453;02:59:30
1632121133202;59;3125;0;01:51:50
1632121133202;59;3125;36;01:51:43
1632121133202;59;3130;99;01:52:47
1632121133202;59;3130;0;02:57:58
1632121133202;59;3130;78;02:42:38
1632121133202;59;3125;442;02:59:31
1632121133202;59;3130;480;02:28:19
1632121133202;60;2068;135;01:28:59
1632121133202;60;1962;188;01:48:40
1632121133202;60;2068;279;01:23:36
1632121133202;60;1962;40;01:35:23
1632121133202;60;1962;0;01:31:21
1632121133202;60;2068;0;01:45:01
1632121133202;60;2068;118;01:28:58
1632121133202;60;2068;95;01:33:00
1632121133202;60;1962;0;01:28:56
1632121133202;60;2068;54;01:23:38
1632121133202;60;2068;60;02:41:52
1632121133202;60;2068;386;01:32:09
1632121133202;60;1962;27;01:46:11
1632121133202;61;1900;40;01:51:58
1632121133202;61;9996;0;01:18:56
1632121133202;61;9996;74;02:47:15
1632121133202;61;2289;38;02:40:20
1632121133202;61;2289;0;03:34:51
1632121133202;61;1900;44;01:26:10
1632121133202;61;1900;751;01:33:08
1632121133202;61;1900;25;02:40:58
1632121133202;61;1900;42;01:51:58
1632121133202;62;5040;0;02:27:59
1632121133202;62;3334;60;02:27:58
1632121133202;62;3308;0;01:55:35
1632121133202;62;3308;545;01:55:17
1632121133202;62;3334;0;01:56:00
1632121133202;63;6442;0;02:47:22
1632121133202;63;6442;107;01:53:39
1632121133202;63;6442;72;02:01:45
1632121133202;63;6442;36;01:53:39
1632121133202;63;3401;38;01:51:12
1632121133202;63;3401;0;01:56:41
1632121133202;63;6442;0;01:56:41
1632121133202;63;3401;0;01:25:09
1632121133202;63;6442;0;01:56:41
1632121133202;63;3401;38;01:54:34
1632121133202;64;3134;336;01:49:35
1632121133202;64;3130;119;01:21:13
1632121133202;64;4952;150;01:48:40
1632121133202;64;4952;36;01:48:30
1632121133202;64;3130;0;01:27:34
1632121133202;64;3130;539;02:28:19
1632121133202;64;4952;0;02:28:18
1632121133202;64;3130;249;01:49:34
1632121133202;64;4952;494;02:43:11
1632121133202;64;4952;109;01:48:37
1632121133202;64;3134;44;01:49:30
1632121133202;64;3134;48;01:49:40
1632121133202;64;4952;36;02:47:12
1632121133202;65;6442;147;01:35:01
1632121133202;65;3042;76;01:55:55
1632121133202;65;3042;0;01:49:36
1632121133202;65;6442;38;03:41:41
1632121133202;65;6442;79;01:49:48
1632121133202;65;6442;36;01:48:36
1632121133202;65;6442;0;01:50:42
1632121133202;65;3042;324;02:41:21
1632121133202;65;3042;0;01:34:27
1632121133202;65;6442;81;01:46:35
1632121133202;65;3042;108;02:47:15
1632121133202;65;3042;78;01:56:54
1632121133202;65;6442;0;02:46:51
1632121133202;65;6442;194;01:49:56
1632121133202;65;6442;0;01:50:42
1632121133202;65;6442;36;02:35:35
1632121133202;65;3042;991;01:49:51
1632121133202;65;3042;0;01:49:40
1632121133202;65;3042;104;02:29:21
1632121133202;65;6442;42;02:24:08
1632121133202;66;6442;515;01:56:57
1632121133202;66;3288;40;01:47:19
1632121133202;66;6442;379;01:46:32
1632121133202;66;6442;241;02:45:08
1632121133202;66;6442;0;01:54:44
1632121133202;66;6442;0;02:47:22
1632121133202;66;6442;85;01:53:30
1632121133202;66;6442;112;01:46:32
1632121133202;66;6442;72;01:56:50
1632121133202;66;3288;95;01:51:12
1632121133202;66;3288;34;01:55:55
1632121133202;66;6442;0;01:54:44
1632121133202;66;3288;63;01:57:29
1632121133202;66;6442;0;01:54:44
1632121133202;69;5361;394;02:24:06
1632121133202;69;9311;63;01:52:54
1632121133202;69;3107;0;03:35:11
1632121133202;69;5361;0;03:35:11
1632121133202;70;2934;139;01:32:39
1632121133202;70;2934;0;01:36:08
1632121133202;70;2934;130;01:27:12
1632121133202;70;2934;148;02:37:38
1632121133202;70;1938;113;02:57:30
1632121133202;70;1938;85;01:32:12
1632121133202;71;2596;195;01:59:27
1632121133202;71;3520;524;02:30:07
1632121133202;71;2596;38;01:26:38
1632121133202;71;2596;0;01:43:16
1632121133202;71;3520;38;01:26:37
1632121133202;71;2596;203;02:47:27
1632121133202;71;2596;0;01:58:41
1632121133202;71;2596;0;01:58:41
1632121133202;71;2596;200;01:59:30
1632121133202;71;2596;0;01:59:19
1632121133202;71;3520;126;01:58:28
1632121133202;71;3520;125;01:58:23
1632121133202;71;2596;1;01:59:22
1632121133202;71;3520;3;02:30:07
1632121133202;71;3520;38;01:38:16
1632121133202;71;2596;48;01:59:27
1632121133202;71;3520;0;01:58:38
1632121133202;71;2596;0;01:58:41
1632121133202;71;3520;104;01:28:54
1632121133202;72;5407;0;01:58:42
1632121133202;72;3522;166;02:47:49
1632121133202;72;3522;38;01:58:34
1632121133202;74;3074;36;01:43:39
1632121133202;74;2417;158;01:43:25
1632121133202;74;2417;310;01:43:51
1632121133202;74;2417;309;01:42:03
1632121133202;74;3074;137;02:01:21
1632121133202;74;3074;366;01:43:52
1632121133202;74;2417;0;01:51:14
1632121133202;74;3074;0;01:40:17
1632121133202;75;1486;0;02:28:17
1632121133202;75;1486;0;01:39:43
1632121133202;75;2382;435;01:24:50
1632121133202;75;2382;170;01:24:47
1632121133202;75;2382;0;01:24:46
1632121133202;76;1629;0;01:27:07
1632121133202;76;1638;201;02:57:29
1632121133202;78;3850;227;02:03:24
1632121133202;78;7026;206;01:42:21
1632121133202;78;3850;4;02:03:34
1632121133202;78;3850;400;01:27:44
1632121133202;79;1474;172;01:24:24
1632121133202;79;1533;0;01:22:19
1632121133202;79;1474;0;01:24:34
1632121133202;79;1339;0;02:05:59
1632121133202;79;1474;42;01:25:33
1632121133202;79;1474;174;02:47:30
1632121133202;79;1474;224;01:33:48
1632121133202;79;1474;0;02:40:55
1632121133202;79;1339;271;01:25:51
1632121133202;79;1474;0;01:22:19
1632121133202;80;9946;324;02:05:56
1632121133202;80;4952;85;01:56:41
1632121133202;80;4952;162;01:29:29
1632121133202;80;9946;30;02:47:13
1632121133202;80;5299;0;01:49:48
1632121133202;80;9946;170;02:05:52
1632121133202;80;4952;130;02:05:05
1632121133202;80;9946;0;02:29:21
1632121133202;80;9946;0;01:54:36
1632121133202;80;5361;48;02:05:56
1632121133202;80;9946;0;01:20:33
1632121133202;80;4952;0;03:45:46
1632121133202;80;4952;38;02:05:06
1632121133202;80;9946;0;01:30:24
1632121133202;80;4952;380;02:47:12
1632121133202;80;4952;336;02:47:12
1632121133202;80;4952;472;01:38:07
1632121133202;80;9946;0;01:30:24
1632121133202;80;4952;174;01:29:29
1632121133202;80;4952;149;02:05:05
1632121133202;80;4952;89;01:19:16
1632121133202;80;9946;452;02:05:53
1632121133202;80;9946;83;01:19:00
1632121133202;80;4952;127;01:52:56
1632121133202;80;9946;0;01:30:24
1632121133202;80;4952;159;02:12:47
1632121133202;81;2284;260;02:47:07
1632121133202;81;2284;0;02:41:17
1632121133202;81;3610;0;01:38:06
1632121133202;81;2284;0;02:54:18
1632121133202;81;2284;46;01:37:39
1632121133202;81;3610;91;01:42:15
1632121133202;81;3610;121;02:41:08
1632121133202;81;631;0;02:00:11
1632121133202;81;3610;0;02:53:31
1632121133202;81;3610;73;02:42:42
1632121133202;81;3610;0;02:42:45
1632121133202;81;2284;0;02:00:11
1632121133202;81;2284;38;01:52:03
1632121133202;81;2284;226;02:54:17
1632121133202;81;2284;362;02:54:20
1632121133202;81;2284;290;01:10:31
1632121133202;81;3610;0;02:40:09
1632121133202;81;2284;0;02:00:11
1632121133202;81;2284;38;01:38:05
1632121133202;81;2284;243;02:54:20
1632121133202;81;3610;181;02:42:37
1632121133202;81;3610;89;01:39:40
1632121133202;81;3610;0;01:10:36
1632121133202;81;2284;100;01:52:03
1632121133202;82;5726;298;02:35:19
1632121133202;82;4263;336;01:21:50
1632121133202;82;5726;350;02:50:48
1632121133202;82;4263;325;01:44:25
1632121133202;82;4263;0;02:35:32
1632121133202;82;4263;0;01:53:45
1632121133202;82;4263;0;02:35:32
1632121133202;82;5726;4;02:35:20
1632121133202;82;5726;0;02:25:23
1632121133202;82;4263;98;02:35:54
1632121133202;82;4263;40;01:44:28
1632121133202;82;4263;222;02:41:11
1632121133202;82;4263;0;02:11:03
1632121133202;82;5726;0;02:11:02
1632121133202;82;4263;83;01:40:01
1632121133202;82;5726;0;02:40:04
1632121133202;82;5726;36;01:54:23
1632121133202;82;5726;0;02:35:19
1632121133202;82;4263;0;02:35:56
1632121133202;82;4263;0;01:44:30
1632121133202;82;5726;68;01:42:19
1632121133202;82;5726;288;02:06:45
1632121133202;83;2845;0;01:47:02
1632121133202;83;2822;253;01:46:53
1632121133202;83;2822;0;01:47:25
1632121133202;83;2845;74;01:35:59
1632121133202;83;1747;400;01:47:35
1632121133202;83;2845;418;01:16:50
1632121133202;83;2845;84;01:47:54
1632121133202;83;2822;83;02:11:04
1632121133202;83;2845;383;01:45:49
1632121133202;83;2822;237;03:30:47
1632121133202;83;2365;48;01:45:29
1632121133202;83;2822;0;01:45:29
1632121133202;86;3234;356;02:10:17
1632121133202;86;2558;0;01:53:54
1632121133202;86;2558;0;01:53:54
1632121133202;86;2558;0;01:54:13
1632121133202;86;3234;0;01:42:38
1632121133202;86;3234;0;01:53:45
1632121133202;86;3234;0;01:42:38
1632121133202;86;3234;397;01:22:30
1632121133202;86;2558;234;01:20:42
1632121133202;87;1112;95;02:08:32
1632121133202;87;4014;44;02:06:42
1632121133202;87;1112;0;02:08:21
1632121133202;87;1112;0;02:08:27
1632121133202;87;4014;2;02:09:29
1632121133202;87;4014;38;02:17:38
1632121133202;87;1112;246;02:06:54
1632121133202;87;1112;97;01:41:59
1632121133202;87;1112;360;02:08:21
1632121133202;87;4014;73;01:54:12
1632121133202;87;1112;0;01:53:56
1632121133202;87;1112;159;02:26:14
1632121133202;87;4014;300;01:19:43
1632121133202;87;4014;0;01:18:36
1632121133202;87;4014;14;02:17:39
1632121133202;87;4014;300;01:21:43
1632121133202;88;2838;561;01:29:04
1632121133202;88;1727;38;01:28:41
1632121133202;88;2838;0;01:36:11
1632121133202;88;2838;241;01:16:56
1632121133202;88;2838;0;01:47:18
1632121133202;88;2838;0;01:47:18
1632121133202;88;2838;256;01:39:30
1632121133202;88;2838;0;01:28:52
1632121133202;88;1727;4;02:10:58
1632121133202;88;2838;252;01:46:45
1632121133202;88;1727;78;01:47:43
1632121133202;88;1727;205;01:22:08
1632121133202;89;1261;52;01:53:48
1632121133202;89;1178;317;01:20:04
1632121133202;89;3347;183;01:54:19
1632121133202;89;3347;332;02:57:12
1632121133202;89;1261;527;01:18:37
1632121133202;89;7016;263;01:45:48
1632121133202;89;1261;112;01:38:23
1632121133202;89;7016;624;01:19:38
1632121133202;89;3347;56;01:46:22
1632121133202;89;3347;359;01:20:07
1632121133202;89;3347;242;01:38:16
1632121133202;89;1261;0;01:45:50
1632121133202;92;5320;0;02:47:39
1632121133202;92;5320;194;02:47:00
1632121133202;92;5320;115;02:55:56
1632121133202;92;5320;184;02:41:06
1632121133202;92;6934;5;02:23:49
1632121133202;92;6934;311;02:35:10
1632121133202;92;5320;8;02:41:06
1632121133202;92;5320;38;02:47:10
1632121133202;92;5320;0;02:55:34
1632121133202;92;5320;0;02:55:34
1632121133202;92;6934;2;02:40:14
1632121133202;92;6934;86;02:23:44
1632121133202;92;6934;0;02:28:35
1632121133202;92;5320;0;02:45:56
1632121133202;92;6934;369;02:23:38
1632121133202;92;5320;368;01:45:09
1632121133202;92;6934;0;02:45:11
1632121133202;92;6934;184;02:40:12
1632121133202;92;6934;5;02:55:31
1632121133202;92;6934;228;02:23:38
1632121133202;92;5320;378;02:24:23
1632121133202;92;5320;621;02:47:39
1632121133202;92;5320;166;02:24:19
1632121133202;93;1058;503;02:30:05
1632121133202;93;5474;184;01:17:39
1632121133202;93;1058;145;02:40:14
1632121133202;93;5474;0;02:42:52
1632121133202;93;5474;219;02:45:59
1632121133202;93;5474;388;01:45:26
1632121133202;93;1058;69;02:46:52
1632121133202;93;1058;359;02:45:12
1632121133202;93;1058;87;02:23:30
1632121133202;93;5474;44;02:46:01
1632121133202;93;5474;217;01:47:59
1632121133202;93;1058;0;01:17:27
1632121133202;93;1058;351;02:48:24
1632121133202;93;1058;0;02:30:00
1632121133202;93;5474;0;02:29:58
1632121133202;93;1058;170;02:30:09
1632121133202;93;5474;198;02:45:56
1632121133202;93;5474;0;02:42:51
1632121133202;93;1047;343;02:29:59
1632121133202;93;1058;87;01:42:23
1632121133202;95;7104;0;02:12:47
1632121133202;95;4318;6;02:11:47
1632121133202;95;4318;685;02:45:54
1632121133202;95;2392;213;01:29:41
1632121133202;95;7104;0;02:12:31
1632121133202;95;3630;0;02:12:31
1632121133202;95;7104;0;02:12:42
1632121133202;95;4318;244;02:11:45
1632121133202;95;4318;0;02:58:24
1632121133202;95;4318;0;02:11:44
1632121133202;95;4318;63;01:31:46
1632121133202;95;4318;0;02:58:24
1632121133202;95;3630;123;02:12:39
1632121133202;95;6432;64;02:12:31
1632121133202;95;7104;0;02:12:31
1632121133202;95;7104;291;02:12:46
1632121133202;95;4318;271;02:11:48
1632121133202;95;2392;0;02:47:12
1632121133202;95;7104;40;01:33:01
1632121133202;95;7104;162;02:12:45
1632121133202;95;4318;91;02:11:48
1632121133202;95;7104;260;02:12:47
1632121133202;95;7104;0;02:12:31
1632121133202;95;2392;18;02:12:42
1632121133202;95;6432;0;02:12:31
1632121133202;95;4318;0;02:58:24
1632121133202;95;4318;23;02:45:54
1632121133202;95;4318;78;02:58:24
1632121133202;95;7104;156;02:12:35
1632121133202;95;7104;0;02:12:28
1632121133202;95;7104;415;01:33:01
1632121133202;97;6361;8;01:20:58
1632121133202;97;6361;261;02:41:49
1632121133202;97;6361;0;02:46:01
1632121133202;97;9972;0;02:23:36
1632121133202;97;9972;73;01:40:04
1632121133202;97;6361;0;01:45:08
1632121133202;97;9972;227;01:33:05
1632121133202;97;6361;284;02:25:55
1632121133202;97;9972;0;02:35:20
1632121133202;98;1951;0;01:39:44
1632121133202;98;2382;116;01:43:30
1632121133202;98;1951;7;02:24:18
1632121133202;98;1951;0;03:40:49
